0100111
0200115
0300117
0400118
0500120
0600121
0700123
0800126
0900212
1000215
1100218
0700219
1200221
1300222
1400223
1500228
1600229
0200301
1700305
1800306
1900307
1400308
2000309
2100310
2200311
2300312
0820313
2400314
2500316
1700401
0300402
2900404
2800407
2700410
1000412
2600417
2500418
0800419
2300420
2200421
2100422
2000423
1400424
1900425
1800426
1000617
2700619
3000622
0900702
3000706
3100708
2900712
3200713
0500714
1200715
2200718
3100810
2800812
3300813
3400814
0700816
2500820
3500822
1000902
3300905
3600906
3200909
0400910
1700911
3501008
2601010
1101013
3401015
0601017
1801020
1301101
2101103
3701113
3701401
3601301
3801024
3801501
